N,P,K,temperature,humidity,ph,rainfall,label
63,37,31,39.50464644877704,33.43416263959986,5.619952884942211,62.000810130598616,papaya
57,14,13,38.87729145790083,16.822969797623998,6.772781714934867,133.82732786472366,papaya
57,46,23,20.397918648131167,16.54264485911751,5.576522422507366,146.9151231093083,papaya
81,39,50,24.864026013205525,28.86421355155684,6.957018878242147,198.48140810416345,orange
82,47,5,21.77027617373832,51.28262217381624,6.48536074383317,211.7628117689747,papaya
55,17,31,32.89740677160131,33.75852790033042,7.395817346104613,100.0628422797075,papaya
29,27,40,25.63447718748901,57.2129230652119,7.151604730078154,68.17221493241756,orange
80,41,24,21.865586963068424,56.31658154593693,5.912783524772922,78.41274804856477,orange
72,40,18,26.185931082624705,59.89625093935002,6.38501071707892,206.00357203251377,orange
69,7,55,32.52739500896354,49.3977425628703,7.469291734848669,53.92424264904199,papaya
29,48,41,29.851997701129957,47.63364164084576,6.593720300580735,172.411759202555,orange
51,15,22,24.377619200066107,53.88256775681469,7.0538544942868535,107.23923530482878,papaya
57,28,7,29.438476936079,17.81385640564715,5.762973571883639,120.36512546051844,papaya
73,9,47,29.99635874396705,23.20286823623489,6.345181189390778,201.2721434894558,papaya
64,44,6,31.68045433450411,15.255073708341037,7.270329788864383,108.15848210545067,papaya
79,43,53,30.91206548244928,59.606065244708354,6.49749906713546,90.98403829765029,papaya
10,5,14,22.730956851065912,48.4216370059876,7.396403361344326,139.90663102226213,orange
41,29,12,38.557442728319465,58.29486347444725,7.263842448813609,175.6818580654367,orange
99,27,35,36.51758150371465,57.59431529812624,7.388399056724495,230.7399224240008,orange
44,31,6,29.905836888764867,38.79135228307653,5.7793497386662365,116.61347482308076,papaya
20,17,41,25.114110948331305,40.39850762621451,6.708637490325671,129.2628352620489,orange
14,39,18,26.71931169832573,32.02144175892228,6.513151680148332,93.28223140767322,orange
84,19,33,31.025491054422343,67.2598885641704,6.658521064692664,242.08793387569213,papaya
65,27,57,39.22679853119648,37.62772659132845,6.2481099398457856,226.17528641157767,papaya
32,21,28,35.45216274295143,16.216355526794135,5.7730175701040105,142.080821535778,orange
91,33,12,24.094172003790177,60.850103483655325,6.683845982765527,115.1376570815529,papaya
74,36,16,28.561686206551435,63.83269524080614,6.348047965458868,241.96572665463316,orange
96,32,43,36.22976342412586,58.23383461184601,6.587561882043972,103.4106133818927,papaya
76,22,18,30.61303968804043,43.99675525364091,6.273235476739431,178.2797190355339,orange
27,48,52,34.72359053089917,24.33308082148735,7.134674656490404,232.6215328983908,papaya
91,30,51,31.07789484046904,62.35093252128785,6.973270860508911,78.92981442011143,orange
81,43,59,33.00003132233543,46.77898419444996,6.215477168572052,210.89783997228184,orange
14,49,8,28.97127712933828,62.16368403207612,5.690929696548336,57.0166671628308,papaya
31,34,29,26.077927963943548,66.0128720686773,6.660928641579818,121.04866642898143,orange
12,38,48,25.18564581760402,67.71200289670207,5.866779860415769,203.1009262899721,papaya
71,32,44,34.987415129763704,59.3447917571928,6.69744325361866,170.25769730413094,papaya
56,16,51,39.09698135797202,54.01482136698314,6.623077696995839,181.9081180658899,orange
50,13,59,31.43910414879771,27.439326489830925,6.566032225933935,248.4415903594566,papaya
30,28,48,26.263166331375103,15.880397137583293,5.861419585771779,160.45298149070155,orange
94,26,39,21.1666108764683,60.028877697824775,6.264315867150136,241.3198537269921,orange
38,24,46,22.128459376251637,33.43906062632489,6.872217061979677,206.9893884965999,papaya
69,44,36,32.87376838257505,54.60651202834928,5.536253376678962,138.9106567779309,orange
76,35,22,20.541582478916244,51.57326516853015,7.155225440448358,52.7837332516943,papaya
46,20,36,21.50782666318254,48.842467919172336,7.431465447499967,183.9271305955529,orange
59,46,43,39.911050854579415,20.43838124091423,6.909171670996706,208.59607559684224,orange
60,8,7,33.30215069764564,59.86997419038005,6.368391881607761,214.24453699580403,orange
86,34,42,23.710448992801396,37.93028159557358,5.6623572100332265,82.01273383575511,orange
32,12,51,35.20328920038176,47.837949075207945,6.616898075945034,61.82628000158652,orange
48,48,42,25.849580788920647,69.07562869097717,6.750041268932028,111.01783285221576,papaya
13,19,52,38.67493623259398,26.293021363980017,6.831514973354725,105.74867854937078,orange
44,37,31,23.74732042321194,32.39633164530451,6.88093331183684,184.0998031853728,papaya
56,44,8,29.40706446805829,47.77574484420895,5.666988042188312,167.48013999569946,papaya
66,17,5,30.85721137266489,39.6936962507326,6.871544810866446,59.25684133030407,papaya
27,6,16,24.54039233855527,31.14390998640772,5.941997065709212,125.20071134795732,orange
44,40,24,21.415010893221616,63.0460003126692,6.492148216813181,184.87946206197495,papaya
56,39,59,32.71843785435538,66.39825117972156,6.602933650681555,153.55458252195132,papaya
58,44,44,25.15903883732137,53.294986433572696,6.782697520282242,147.50078334558702,papaya
38,49,21,22.807384757505453,50.41445059871713,5.670609467824771,95.12294221007936,papaya
58,28,56,36.07069989116916,50.71522952482245,5.592254620963543,76.48343955241548,orange
91,49,46,24.235076605018016,62.851936567983415,6.78621616638195,146.94338214872474,papaya
23,19,5,30.821116915679998,50.2128679778717,6.890233790306086,177.81843542758344,orange
66,6,33,30.979901134041278,30.11285681231932,6.8882668249061485,150.4841241738214,papaya
96,38,23,27.49116439260665,58.84727782803503,7.058737380404371,191.87242736460925,papaya
68,20,59,36.14239632982274,63.33989454178157,6.623769064238604,97.8943207258314,papaya
45,14,45,28.282921832670805,42.08976301935587,7.464562474457435,173.34806377550444,orange
79,8,40,24.07975886884056,61.68572334633664,7.051590535418593,224.2052104415241,papaya
30,22,7,31.14501682816192,65.18933941778587,7.180991244921955,99.84550439793446,papaya
75,46,9,31.3480427342954,62.59613216386435,7.3734686260258275,131.65192154403155,orange
28,34,8,32.437249997268005,39.91927629184176,5.610442921370888,69.34839500508143,papaya
33,31,11,38.58117984246385,53.857180095267424,5.596821112946856,219.0182346938161,orange
88,42,22,30.547759511130277,25.48688111995489,5.752061353835515,90.28154806829689,papaya
64,16,44,29.08176109322196,42.5382175479488,6.2899425100006,176.87667425497725,orange
91,19,32,35.83332231606855,60.92585358607005,7.04747019885323,103.98399994160177,orange
28,30,12,23.287856195143764,16.756206532638096,5.695996061701356,162.89881612183194,papaya
61,7,53,32.86294185844794,20.82502670925216,6.91637919345963,64.95051557435454,papaya
78,40,44,35.03334130653634,56.34998388074141,6.920830400173699,190.0784712958848,orange
50,12,7,36.33110384197443,54.335796126999206,5.899212469463212,234.8356636220257,orange
20,16,20,30.11014384920811,41.407933329114286,7.4883598863898,71.91378700705326,orange
46,32,15,26.654929848328518,39.52759528812702,7.207245710225609,217.01957439418047,papaya
63,26,15,37.255847013793655,15.97943800387087,7.271068092692569,151.28042820308684,papaya
77,40,7,36.69603698858074,40.33597171224926,7.105995191415493,144.87640597414708,orange
31,13,34,39.12103701834669,59.2420635691641,7.400550210206083,130.58759511321557,orange
63,36,23,35.93670579426772,46.74147542864669,6.437027646750809,110.87017927212084,orange
19,22,57,22.45829559417492,44.646346544949495,6.564191776260419,54.6128280048096,papaya
23,41,57,25.35017272843712,18.14417228450221,7.107328347853977,201.76473739148213,orange
56,46,56,29.94408608928744,46.86486894732603,6.375219633805198,95.73135467368736,orange
65,21,11,20.81720205518541,41.4398759701417,6.415879224146259,105.22650161072016,orange
88,27,48,38.02231099285643,40.81830484281883,6.891410231109697,103.15558203788292,papaya
15,47,51,33.040252016847106,68.77210652621832,6.345551340979303,138.15533519812251,papaya
81,7,29,38.2653826894367,19.220905895808787,7.005242358999425,67.8938180761042,orange
52,33,35,39.8557793647905,19.138064706631024,6.338291764934949,245.37152870663613,orange
73,24,29,33.42993577138979,45.62464815408015,6.567004664605059,94.6043470472808,papaya
87,32,50,39.97993824179342,63.44636448016779,5.624717636494188,159.711091636168,orange
59,15,30,30.42784738440269,54.74834391279578,5.769720982789448,83.44977827175114,orange
55,14,38,30.428903238168434,57.49369898136823,6.491261247997663,109.8236160045476,papaya
32,30,8,39.02413154040991,55.68400077042672,6.4308970254124445,121.94438930197488,orange
10,12,11,36.2050401399005,40.0323034353636,6.162629579808477,118.8732522396335,orange
51,21,30,39.91265306451783,38.48279185131082,6.456595195834769,66.01611763370165,orange
25,25,55,35.04139013106747,34.29785136865364,6.054369314251561,93.42541474311048,papaya
43,37,36,28.060409660975463,42.176880483463776,5.818873724637426,77.33056171828659,orange
65,20,44,31.245012550813485,57.54309885702445,6.134403922279484,227.12550437187411,papaya
56,21,10,24.203538652647733,61.45891747382122,6.727508019507485,194.54241492605516,orange
18,19,9,24.294312980655167,41.17528265794164,6.698587467904316,247.74486231895224,orange
96,34,28,30.50413636792578,69.30100127495692,7.041766836417672,229.11877806087284,papaya
45,13,13,22.964381907794166,69.6711197336266,6.19891390001726,106.55116214369984,papaya
86,15,37,21.858219704071928,30.607913837560687,6.0459443918775175,206.0015722127937,orange
15,34,57,34.04151037762173,19.923644221192944,6.891916066062295,170.40201499278737,papaya
72,45,48,35.52735234237418,38.18301919618111,6.522760213591505,62.06987612978618,orange
69,45,48,25.482873285028997,39.44893799367969,6.0632291631874775,142.50037846044378,papaya
75,17,21,24.81059240472691,62.024782840114376,6.650703850833784,152.19844321817698,orange
68,33,57,31.987997036717744,22.819126059379165,6.779596690186676,55.333217541322725,orange
86,44,59,23.49980599124703,50.732391749903805,5.802453084594011,83.29007562515406,orange
74,27,40,38.806899381289085,32.43151108443584,6.769242439566621,189.55939472172133,papaya
83,27,17,27.256492383864128,61.17401175989221,5.643655638041098,85.64220236942244,orange
70,27,28,35.5224974376483,51.60898046982339,6.545344544018562,68.29731121164855,papaya
16,34,53,26.83244098883468,23.46128529284702,5.5252754837033295,232.87051330130865,papaya
74,15,23,22.787899446813345,35.149553898759066,6.453042386767606,187.17446083365425,orange
88,32,6,37.22683960689946,57.410776517935325,5.986018673888591,227.37334411561267,papaya
14,15,37,28.827448148002368,38.83150987669164,6.0410260513927785,111.4985443619868,orange
53,21,29,38.26298577193887,23.13972177570239,6.6738341148497184,107.25409571144743,papaya
28,38,26,36.65698850122225,22.51140918277433,7.067756599839028,158.82878550318907,orange
39,23,53,25.61006364616468,47.950272498841215,6.809521185380883,160.8047538708904,orange
74,6,22,35.66207704163612,32.19977794598155,6.011498359993288,175.6564522709628,papaya
98,18,44,22.96246336804319,62.68542774292152,5.7771530901206205,246.63338598240628,papaya
93,49,51,31.99338813398525,38.28941359980968,5.561385684313714,168.11389108103944,orange
37,32,46,31.600824643578072,17.296136956975218,6.981458277926148,80.78534150327297,papaya
65,18,48,32.889880194547544,69.70648063072991,6.66796106100472,91.16285806102162,papaya
39,26,21,39.559361175453446,28.408052209661093,5.540975396946401,199.53416316362092,orange
96,41,8,25.18763677605464,19.53744774148535,7.430033588405996,76.87785911164204,papaya
66,38,11,23.79848600980641,27.268171538814062,6.104920420625761,95.9871955203695,orange
73,46,13,23.32934001062324,54.52366171798243,6.77310573540678,63.29131505827375,orange
48,21,37,28.42053951275801,19.85548348627748,6.0238916441490105,244.90822378571264,orange
19,9,25,39.21708771580886,49.56481293257479,7.462211051035805,154.34243818207517,papaya
58,17,14,29.74566739061902,23.308681890677967,6.43293299957991,190.8833083941105,papaya
45,44,27,30.94126195969864,20.191957748735472,6.961245204316967,124.39029204592843,orange
16,45,41,34.748006912189624,17.077603642871612,5.574349799071426,120.1982469366872,orange
92,26,34,32.192934647787254,39.07608285447404,6.516096733324039,134.14769802509926,papaya
50,41,22,24.83641882961077,65.95411889594413,6.262474597756151,183.83255298331528,orange
77,33,25,33.837400014328274,53.95020365426969,5.839933203100848,60.58798110340384,papaya
28,36,26,34.003717708448136,21.26745940642833,5.630296452811253,140.73725272111045,papaya
30,14,55,27.87158394934133,30.264927129980244,7.173334898539387,176.7183062663343,orange
10,32,5,27.683665730946625,30.817736353938024,7.460446872351754,66.57352720965395,orange
60,12,48,38.13093927946744,48.53449480759664,6.104577612518504,212.1483171232844,orange
93,27,24,32.493455093982874,57.71051594441481,5.868244701033896,167.8916524918224,orange
80,27,52,32.68020064819862,61.58180909286938,6.704277398049497,167.75526871390423,papaya
95,21,19,35.40474836437119,55.47353271825023,6.772387025668829,167.6653269648977,papaya
97,29,13,33.36794400479294,26.63474430022457,7.376659336844473,196.76059938969263,orange
70,35,18,29.0392133529047,34.03210048674969,5.9903695766046745,89.10427576667564,orange
98,33,19,26.65164563142888,17.51275484070966,6.630974407783335,74.93019124995979,papaya
77,13,16,22.90977375453949,38.21813743113447,6.0040123874405005,180.67651969988435,papaya
49,14,51,36.37043118598221,57.41181773366455,6.002871444990994,56.54441707152667,papaya
17,32,48,21.8539396997194,28.911300822286897,5.8226994173019815,179.2155082427312,orange
21,7,40,36.51088446560221,28.68875263212098,6.43431587332072,239.94061356754565,orange
10,30,32,32.86035582129296,47.56778820473991,6.323893523784008,71.90803834314536,papaya
88,32,8,37.06115108011129,65.63166282196639,5.996975233388783,107.08093179672908,papaya
19,28,30,24.24169296874325,43.88451728634986,5.804754632457848,146.85283997054086,orange
85,22,58,28.45200738683312,36.35661584419452,6.054040684017545,90.43057655525396,papaya
12,31,41,34.9730686718054,42.7897324616994,7.428198569809533,90.20712213086068,orange
31,46,38,29.671842943579037,21.062072082973287,6.051680716505928,104.69765798424504,orange
23,12,43,21.601337069089823,17.96473739844172,7.10761480688502,173.20611229943026,papaya
67,40,58,39.46125925506912,52.28265691353972,5.728474059498086,140.7916513515725,papaya
62,36,16,24.53423160243128,31.89343357592433,6.831629140145134,197.48675482483557,papaya
73,12,57,28.814538311289606,66.01025192560337,6.760340353549077,93.26145195604694,orange
39,15,44,33.39828789147484,59.25034477072766,6.834319499868398,153.98502365723527,orange
35,29,20,38.88959538421925,19.030154271728712,5.881118798682051,130.0198739003325,orange
81,20,18,36.31434537841904,67.5476457105186,6.278927884281264,175.59674209595727,papaya
29,17,12,23.53885023263287,46.0260591094322,5.79547154317087,207.78876495127415,orange
65,10,22,33.16857506732418,42.211179279251326,5.554275009616752,192.63545662341377,orange
99,41,11,26.163211048066973,37.899367638593226,7.424025083308936,220.4972548411404,orange
37,34,38,21.06204792681402,65.25952296227584,7.2473831088495135,77.97745185093537,orange
75,38,12,31.480953238007658,38.08049622335514,6.059848780428306,97.83589671296846,orange
72,38,48,21.479813622932365,32.96871674759612,6.569368223089116,175.58922366416294,papaya
64,48,41,31.81129732237791,64.53160879551709,6.168153820457479,233.8384723573976,orange
43,11,39,26.86485557741164,35.01906876189634,6.02420927877663,218.91284299301012,orange
61,21,45,23.853258923646354,35.5481855567601,6.640129900907444,223.47754650891676,papaya
44,16,20,30.71434874722854,67.3797494248515,6.993057671359216,210.3970468075506,papaya
26,49,16,26.17713945337993,57.89353500811423,7.352288604003574,148.77087464535822,orange
17,6,34,38.61156902235088,19.13471186282082,6.902957978899568,64.42726543466182,papaya
64,41,9,34.43922142282932,20.655272495792524,6.764234997604028,67.62935761887341,papaya
20,34,27,23.07444238371874,69.98310697147679,6.825332748324481,130.91598793655433,papaya
67,42,59,22.25299977831029,22.436534174117497,5.9811143991626095,191.53759401833307,papaya
11,14,22,32.37303009597177,24.587068358249574,6.022906535852496,136.26424671072417,papaya
87,30,29,30.438862346985445,62.06723298775384,6.7971677183047685,71.19568861046146,orange
77,31,5,30.037745683321567,19.605698098777022,7.356748626635536,84.82059309017808,orange
62,23,22,23.480003100704387,18.53409554067303,6.643960686076741,247.9151041010726,orange
67,24,38,31.66279652249497,39.21230063182507,5.760852019469186,70.66186325284009,orange
60,33,18,27.182513808583764,43.399314859512685,6.071841340045474,249.58795073489347,papaya
76,49,41,37.48689861078256,26.46850485179172,6.592604373017915,170.86266244541733,papaya
67,27,41,21.242174271585817,41.56903250205747,6.602570775268248,173.63901156518278,papaya
72,42,40,32.92021153249915,26.044852714502884,6.686620698297524,94.64402025554242,papaya
95,36,31,35.46205722752545,69.60829133012552,5.694942515824071,108.16859230245852,orange
86,41,51,27.391568719050152,15.967880522951637,6.032328998242391,95.7898027858677,papaya
50,22,24,22.964266473854646,53.73858563274217,7.089418745897207,223.8937279077011,orange
54,41,23,39.53282940654091,19.637381173845107,5.549910243542218,240.42689660436784,orange
69,9,59,39.55152100609936,49.340983090408656,7.123185320737523,143.92970017260035,papaya
50,47,35,22.42409570056404,33.95280884197188,5.808374367965894,107.09073602109578,orange
81,11,53,32.28155818974341,42.3216346291608,5.868209819036067,129.81140853146016,orange
42,39,9,21.850975950486117,45.68299775136025,6.845917884346441,202.5968932869585,papaya
33,12,5,26.354465144750137,58.89165752254613,7.15057886265816,96.15662803592006,orange
42,17,31,24.127887404644078,41.60240923947984,6.964994979113388,228.35899008041693,papaya
92,38,40,31.483118445101848,46.45070573998324,5.8544661468111645,208.01958708094307,orange
94,34,14,21.083157525590984,26.03796306357466,7.3489385541609105,167.15605501650225,orange
60,31,57,35.0289728883879,64.29376011392296,6.880278212143535,147.12624257830973,orange
70,30,57,28.02753090548296,57.10220535488117,5.694918141653513,153.07518474071543,papaya
34,41,16,26.326932648517214,65.35126547027735,7.402418501704088,118.69031964547176,papaya
97,22,39,34.117803604606806,53.317746742851405,6.048911485393223,91.59710257389114,papaya
18,47,12,27.292329599799608,49.86718444445395,6.927173408564779,140.91074027582863,papaya
38,49,8,21.63891766034943,42.22780079879696,7.169794674107193,116.84103203155314,orange
47,34,54,23.528966762249123,23.637951173874985,6.183596250675935,190.0452590176376,papaya
18,23,54,36.16532512474804,55.192939717815854,7.007375417213241,58.260009806607286,papaya
62,30,42,21.95553377949905,47.71427363626517,6.137582037915461,183.00581525023927,orange
49,13,23,28.973985395585157,51.17232289253381,6.979812339376035,110.58727418539864,papaya
28,38,34,32.99298834855591,66.38587869388324,6.649203812651926,194.31968343201632,papaya
67,18,24,21.00977587898481,45.392413129892034,5.748192118325819,220.2695309775837,papaya
35,10,5,30.78125082873334,43.62943888709286,6.228632685919102,113.15137967615188,papaya
89,43,10,22.305229175586085,36.564243027518,5.883413965252762,180.78279217004427,papaya
92,8,19,21.62913319459826,58.22609723482,6.825853957054881,142.19754055127618,papaya
58,29,24,36.84213142452288,69.17867448180294,5.705924181718007,76.58800622869155,orange
16,31,15,26.22687125488681,17.001857070931262,6.694151047683323,218.42081736762012,orange
77,48,39,20.060127805865207,53.40385790936087,6.592565373594232,128.31743179516025,orange
62,38,28,31.475019903759417,60.14980514553219,6.8400852189131065,180.95590936978152,orange
74,42,5,31.31541942599387,49.0219283112252,5.948544562307088,129.97920576086526,papaya
48,25,49,20.396103751009363,57.744797103560856,6.667522776274913,115.56199431233384,papaya
40,9,37,29.898269942678333,41.655362928627085,6.724788261100821,209.26003176711447,orange
82,11,53,35.88327709133631,40.44161291235493,5.953822353473512,231.87465589679812,orange
94,15,21,30.722472630380185,46.03618920559181,5.613512184839382,235.94111418250623,orange
62,13,21,37.44991814589598,19.710891348925024,6.360567280064056,209.37523274857972,orange
85,21,13,22.883106250250037,34.60423264740783,5.89606520405395,235.77876903478108,orange
52,27,47,26.283946548556173,16.559363456378975,6.4331227046487935,236.85023500081323,papaya
47,33,22,31.35094333196449,65.26546275827693,6.018400544794102,50.0609471343346,papaya
39,48,45,34.500719452788104,48.65317214503799,6.304369338371591,207.06616940034309,papaya
79,6,47,20.733158624855403,45.89860100753779,6.097891818728279,125.2543641095397,orange
33,39,29,35.1916323697381,33.36946510639618,5.731424610155438,82.97116959136572,orange
85,48,35,39.17776045274138,41.14058848652133,5.694012256323213,70.1355257040498,papaya
61,37,22,27.95648783803268,54.764400872850935,6.833528682683145,167.49299298273883,orange
58,18,49,28.1597896225379,69.1752842923016,6.055154900962133,200.1269146662233,orange
79,30,11,30.505711453740357,39.62682596985834,6.120618794896644,185.49028738612247,papaya
69,15,28,37.35240884822085,39.20331894783044,6.650677761639201,55.31410305072908,papaya
99,16,28,34.39047656181617,34.01777397570625,6.238573689789348,121.86558129970774,papaya
38,5,41,20.444810405988,66.32730612414886,7.250366183281777,208.65036210960696,orange
13,30,32,31.266038592567394,49.201383663022256,7.147522333745425,190.33084886150968,orange
65,13,40,36.19381073516742,40.95614086555386,6.561996186562407,130.2653852195735,orange
70,12,22,31.42478193334589,68.10715768763981,6.045087955217841,68.13119825192209,papaya
11,37,23,37.776345674759256,32.26922385378524,5.567596254311457,130.71244236120504,papaya
28,33,46,26.76645384382665,66.33156343844927,6.2979450229685146,122.80856757209588,papaya
80,14,50,36.47859793069422,49.95836815296364,5.6110415413638,54.04912255902845,papaya
60,46,55,26.22386665706077,30.182387779055688,6.3247086562291495,232.04236407126888,orange
41,29,16,23.22912477590381,19.711877849176155,7.144587433441546,92.05940263089175,papaya
89,40,26,36.63858565879625,55.88256860221348,5.9511188302964895,249.24042029360928,papaya
39,45,47,21.58482261719221,45.551525720127614,5.592638701688067,227.89890780811936,papaya
23,13,58,30.93717296970993,53.46204359157861,6.055929442391403,240.37435357554676,papaya
42,48,20,27.081613427663804,41.80827445630211,6.34694708557735,141.20741619641544,orange
78,17,51,20.27891964006869,41.411498085370816,6.551980236239754,249.063306871561,papaya
69,14,18,38.31222645254995,64.39905407788797,6.947567390539778,84.55555122245678,orange
66,24,55,24.987127327667768,37.76667378814697,6.69677713978027,196.82591570438476,orange
20,32,39,31.981642769689124,23.442063058193558,6.699588700595754,237.6122480810802,orange
39,37,38,24.32120405092251,49.185595780919975,5.987318480767627,230.5407907592669,papaya
16,41,11,32.76778129867594,64.64254564623722,6.76205166252995,228.69515363098108,orange
86,42,43,24.894029384025124,63.682542872260335,6.780227413261069,193.0915785576865,orange
16,19,23,32.11541865105224,49.71492416882887,5.505456995649072,213.44530395638708,orange
54,17,33,36.85609641251331,23.604987658955828,5.78427851088748,65.25667584153543,orange
88,5,42,25.96722416509873,57.28536247400063,6.910427231625035,231.20431375987724,orange
91,33,30,22.978602337619265,20.525173581297054,6.080407897739445,131.89719109118508,orange
10,48,34,25.932033837846937,25.0399383515185,7.012154413930052,165.00240758186612,papaya
11,19,52,30.49751477231823,52.8496662771689,6.386974443883208,197.29527333170628,orange
13,12,55,29.646591676958643,47.31801713516223,5.517675413318279,87.59673663153458,orange
26,22,51,31.37478297642269,26.22760734906713,5.694106568332091,242.04995540659343,orange
46,28,50,34.13302835394286,26.71305492434192,6.443622342705313,62.71620046679969,orange
57,6,12,29.34204419032594,69.95958821164973,6.388031151571955,66.6953205517189,orange
97,36,51,26.726855152299944,22.380037673856727,6.522860832486384,127.29432276007908,orange
40,14,14,28.441858593030297,32.46211168448569,6.387838596027935,212.28966129065032,orange
97,9,11,30.661442605062447,28.035181050164795,5.639977999115619,207.45391447200572,orange
95,17,10,22.324966281343983,60.87394520038424,7.13964846090964,122.07693749853216,orange
96,15,51,36.55199137269302,43.343762882865576,6.669003304133527,105.48233381309826,papaya
79,49,52,36.21463019643001,27.542204453657853,6.113114646986007,219.70851626358413,papaya
22,40,5,24.523875853958657,68.64516585749567,6.912633383853798,223.9979884283314,orange
27,31,20,28.302728711577224,31.18273241199781,6.658777917782267,169.39323512829952,papaya
22,6,51,25.569878234950977,30.111379401390465,6.693472674354809,128.5963833299095,papaya
57,21,39,39.49748629248825,47.84291607697747,6.848708677503582,231.99489373445545,orange
84,30,53,24.675391045733555,52.67508533448379,6.103806546210858,178.53691963347586,papaya
84,25,22,39.267674159591785,47.34969626282616,6.100905352822805,147.43633692139124,papaya
54,7,49,35.42328144964473,34.125399849987936,5.832650915119636,137.93315977828044,orange
85,31,46,20.95783727314296,21.546671773951765,6.001157040662241,141.0181070439238,papaya
71,14,54,36.65222497603016,24.82641022869284,6.87695962164292,171.65827481582923,orange
31,26,35,22.692301091283127,54.22760622428923,5.94807749071806,84.15518430882966,orange
71,14,29,36.14095017161285,62.23899902018832,6.536125378469024,183.60459541579937,orange
77,30,12,37.00185909072672,27.64755108034184,6.620386758426914,142.37459972322685,papaya
13,31,58,39.54004831442046,25.546275390790832,5.899181854223209,60.157056859430426,papaya
88,24,56,37.036057752096426,28.925840076455543,7.000275064970314,162.15665722121824,orange
59,39,56,24.551596750909376,46.98621288983806,5.827463088649614,159.26508622261832,orange
49,40,21,23.037776316728404,15.879559541857326,7.435182731848678,132.2646829877059,orange
45,12,48,36.12999039746596,29.345645940058,6.577691651963356,156.08218841160968,papaya
58,10,50,21.066502622080787,40.189488014800375,6.960096596731219,178.43089247763342,orange
17,38,23,24.607890649962737,36.41244926284737,7.2604623003760125,171.11328428729297,orange
52,28,37,30.135977457759527,27.792912260752345,7.228121258809516,167.46264515387128,papaya
82,17,12,29.830323599849255,61.93149030376603,6.756204977347021,86.75576763671717,papaya
43,17,7,39.14207191097671,59.81457671576106,6.396627180495902,166.4557118166041,papaya
56,38,45,24.497202634281027,43.4004911016671,6.355465946509467,99.83107980125554,papaya
16,28,59,23.49617801553139,15.694530282063091,5.98397008839348,152.46572472607113,orange
15,18,34,36.553276415171794,31.393796078980447,6.735535647340061,71.57351014810686,orange
98,39,9,33.167458011236484,67.40554500279814,7.271172607074276,137.12343523325973,papaya
63,18,55,36.19468805278495,55.719766252791096,6.57643903391597,202.21149381475576,orange
86,27,17,23.48460124787294,49.72779793829856,6.301322674313363,203.9504016328874,orange
15,15,59,36.5152243180615,43.31135100062586,6.323726783890223,110.09815437376926,papaya
57,47,8,36.75943122753248,65.85457811936243,6.574820091605719,130.94072684598723,papaya
84,28,5,35.297427704451394,25.70268601086127,5.73647777434046,197.7533218921963,papaya
76,17,25,36.40356654493587,59.07479989820701,5.985995066941786,154.21407813518204,papaya
18,33,34,27.128606841234223,36.6529701017924,6.410190670825688,145.4250846352374,orange
24,37,20,27.635477774469912,27.280733536535383,6.577224814256319,190.10012058280063,papaya
67,14,19,35.972660429164726,17.504678739683406,6.098889975080184,161.27360569774322,orange
99,45,11,29.45415687149314,53.7103698647884,6.462676656695873,196.0089235456809,orange
70,35,30,32.85449496071051,47.21445141735681,6.65469272120583,246.1540212311997,papaya
96,17,45,21.765863776198785,32.47651242488047,6.434864029019002,192.55448896038305,orange
14,37,54,33.92843938346552,58.98312193059718,7.440900984818775,64.94370943545229,papaya
85,41,14,34.626600696588056,69.13319580049654,5.681201349668502,245.2975209503928,papaya
71,19,29,21.23757321509094,48.8085917850208,7.3900749118770435,169.47055800055352,orange
44,24,37,35.97958002336515,17.653326944847237,5.921947745864839,138.71762353604942,orange
88,33,42,35.08683762654461,25.99572700496096,6.688797248399761,247.33701940963232,orange
91,32,42,36.48846713817518,23.25553285484218,6.236672199760573,70.66626925129363,orange
87,23,39,31.01769114275727,53.94318436267897,6.08637420947435,97.65003034237152,orange
87,12,26,39.386361410323445,64.7014638933581,5.761309744532213,230.409594335414,orange
54,37,52,21.278866537892743,21.137704080452806,7.331361924234139,109.81187983871992,papaya
40,36,20,34.22026305608746,35.99173143162523,6.297423720628725,95.24380543973584,papaya
68,47,7,30.29064018389836,37.84380120742567,5.85584584917663,111.1736013782785,orange
52,20,15,32.27506454321477,68.82463720369434,6.334318388107246,177.73838063553373,papaya
21,45,32,39.97585346930239,51.57961573487491,6.071191923915926,80.9306292385456,papaya
34,17,5,35.03106686016251,32.2036351101995,7.126404239977168,100.7822721725778,papaya
79,35,32,20.508011520929077,41.30257914140429,6.0113897827199,224.9257954563104,orange
74,29,45,34.370706657550016,54.34291554080711,7.128378246718622,96.14297409874472,papaya
90,31,13,24.569750669248407,24.92308498655555,5.904284458471761,149.25175421983872,papaya
73,32,49,25.026679205656308,45.266866450693485,5.85502206344356,103.1902313291666,papaya
18,8,59,20.41259393997396,17.602543331578428,7.084177583674912,89.66814371047181,papaya
80,31,58,37.78435514313538,27.84211601259954,5.663424937068305,144.75584024155495,orange
22,22,26,31.752704474308302,23.93316189760712,7.435146512272487,54.587359747440175,orange
87,48,5,24.261310666628432,40.152241659613786,6.4319406095430605,128.39149585684245,papaya
57,27,19,38.99275728801474,25.831570840954985,5.770657496933417,118.53236040831544,papaya
67,44,12,24.278188502869696,19.67708863892709,6.294378380615646,156.4071906073782,papaya
68,26,8,22.052684699504923,23.41383385231982,7.434874478749312,180.6364298819913,papaya
16,25,47,31.836104115016525,24.846723945237976,6.371941296232543,135.3855790510661,papaya
81,40,30,37.11745691443674,60.38261926466547,7.280426742996701,133.02037474211426,orange
21,32,23,38.55729938333347,17.28024751944989,6.77287527545082,222.7798946071228,papaya
47,26,51,24.174838540743224,54.08418964211116,7.165726594949428,207.2383862886817,papaya
95,16,19,29.415575112570338,23.028225623657452,6.02323076617194,223.93324045544023,orange
93,12,27,34.91298316828893,60.10208074019267,6.21654189627081,182.38484899986383,orange
14,46,36,39.71094594772632,51.567947646868014,6.728830723749281,117.21224745574594,orange
74,45,14,26.096630295235716,53.20215794492047,7.287402762878726,210.68333333992427,papaya
76,44,10,36.353136372647214,69.1583578985821,7.269383093974343,237.7171939653173,orange
85,13,19,25.009502865296582,22.38704474636361,5.701355697968021,91.9165655157291,papaya
90,16,9,29.90944860402326,47.63759967958489,6.121225835324499,247.60187113574955,papaya
25,39,34,24.3175413529559,30.315852382660623,5.722962401362282,88.16434015722683,papaya
61,35,27,35.809465247085726,62.397367008105135,6.436685174644426,59.10131392266042,orange
71,46,55,32.60343312385069,31.57987957853305,6.435574914431571,215.58085684410236,papaya
18,33,45,24.33986364866591,27.18432870921076,6.091989868037208,179.59584508866018,papaya
42,41,40,39.08457093655544,36.09290728318871,5.739659792872937,191.08556274515183,papaya
89,18,53,35.526079491431744,64.84708930940229,7.091853375791245,71.46445550214848,orange
81,47,43,33.45648824863105,60.56761192158751,6.289953988612096,223.4532025913072,papaya
56,18,26,25.282568187786453,31.52736957633752,7.346247784916537,158.29524111809644,orange
63,48,42,35.2823129758117,16.50574907549369,5.926812347439494,137.61734009188078,papaya
26,49,5,23.109720879011377,36.30449025455255,6.402737634043289,114.85382726125408,papaya
59,34,57,24.62711226927348,41.80168226270815,7.394891610037637,228.76011922110223,papaya
88,14,14,34.80180264453121,26.632496564075037,7.3671367567342525,150.35513348547028,orange
26,23,25,26.328025147055776,62.56722078824262,6.983104786084894,127.60841777917744,orange
91,9,13,31.683168938088336,35.74933511932309,7.456833797756555,124.89979761938588,orange
31,19,41,24.17458210147294,28.962051800858905,7.365826408482265,181.40058392008007,papaya
57,41,38,24.499308047626396,67.06820020385348,7.172542719560912,145.4225855372854,orange
10,38,38,28.767731865566944,27.00980346880717,5.8514822667695405,94.01737486222234,papaya
64,33,30,36.71694137240036,22.13614700675902,7.001225512750561,235.27615676229556,orange
30,11,31,38.59601085261373,50.73417289740913,7.155465311123671,200.3467900399274,orange
48,36,30,39.295085469556426,33.544429349620714,7.185773642253335,190.6099296848432,papaya
37,27,59,30.507358769748585,63.317296552135616,7.369944724193079,51.26140851380458,papaya
49,10,32,23.409557394727543,41.83196942959218,6.826004649715884,146.5860666179297,papaya
70,11,7,20.821972160925533,20.174153347490247,5.67877635472929,184.16900129626904,papaya
74,9,40,28.71368236956435,18.768509256842098,6.709412186350223,86.431089409573,papaya
11,24,19,28.772215707342376,18.69793977939637,5.63752255813144,126.19678529035968,papaya
15,41,12,23.47812084516352,23.60994861633225,5.973771789979195,243.32517369882012,papaya
19,8,11,26.182043801300598,62.813939439873394,7.197627727915103,235.7135648428159,papaya
53,35,16,31.790415900289943,15.255369445445726,7.326994761890877,114.2582985403484,papaya
82,35,38,20.998578008690263,44.80749804360418,5.720373765180904,218.9986581065168,papaya
91,34,46,30.9848963151024,34.412547543465806,6.3644848054888845,244.88262794211957,orange
42,22,17,26.920613960078143,28.903852446429504,6.465917766181636,113.36684628855464,papaya
39,36,48,37.64996170307911,44.91598287846532,6.2963815285632965,238.6628074822416,orange
47,8,37,31.762306259148563,30.001461436561144,7.089137111460268,62.52709566025783,orange
95,48,17,24.35766195922976,38.57932506104964,6.335477873188866,141.1512020578505,papaya
38,29,26,31.62152164168356,20.58390999575677,5.761354737537426,160.5601424203494,papaya
64,10,49,22.42797699626224,50.48351997846813,6.312714170110493,216.0001909372451,papaya
14,40,9,27.973103444779053,62.836391148899246,6.7647831422107725,178.32331146410866,orange
48,36,54,21.400887196236777,67.36150769328215,6.048418998412658,213.6300005209184,papaya
71,26,37,37.605665275109445,54.93384488019871,6.87074243347073,208.46886751443768,papaya
61,7,20,20.588748215611904,61.54527169769469,5.6431081671697285,186.82398431696828,orange
20,43,14,28.337457443337925,36.02947598727008,5.769157413171994,85.11468960092299,papaya
24,9,18,39.90409828351783,50.0580663836073,7.3971472477160605,217.23911368417936,papaya
33,35,39,30.58832506549801,40.86490750527975,5.85256328045028,161.45672770042069,papaya
46,32,20,24.81703645907551,68.8457378071517,7.306497206107853,65.64774007919543,orange
65,36,41,27.04425350564033,61.48660589862907,6.003076666309171,166.6004032930142,papaya
50,5,41,32.05805777838228,66.73320642294155,5.931552778108731,129.97398159678457,orange
55,31,41,26.658701303518864,31.451219871872077,5.558492758098367,120.4289509735422,orange
97,43,16,33.64351571582842,33.09184221699035,6.701421779206957,176.55855047383892,papaya
11,32,30,35.13017202346404,28.090659567978275,6.370825731609639,167.1869772475896,orange
39,13,58,26.515402531724373,22.80802471406965,7.199274820667375,55.10595551632864,papaya
12,42,45,21.74514704370497,53.45850781502395,6.081798873159862,157.6752675348111,papaya
97,47,33,36.10814291044706,49.6998226509248,7.3077742004201,115.27082888681556,orange
80,11,17,27.411325187010576,41.23026748113736,7.146607137113753,145.88670945848716,papaya
93,47,18,35.997051006972455,23.70459823771128,6.895150055787997,103.6426108308302,papaya
80,14,51,36.67063264071142,29.064923817036437,6.99104082242746,191.56813328383265,orange
53,18,53,24.31478287089813,15.72708136165458,6.192767318974658,76.05036218923682,orange
69,48,24,23.4675577505898,20.3009039218792,5.683115179640458,132.23442017073955,orange
87,29,12,29.078698642021788,62.14081757006922,6.298604807427941,212.72772217976885,orange
74,11,52,29.4786761812718,50.03937247179349,6.934386648075282,104.16166594290262,papaya
43,10,48,31.525696928809538,64.54284480635248,5.624477819990188,133.44131019009862,orange
47,42,8,21.04009088582292,18.54083968113408,6.6510254358616,164.03060401885637,orange
70,22,31,21.44390718390092,37.32425409252589,5.619322064178892,124.36837530133651,orange
28,22,36,37.92839035621424,42.44481030195043,6.301668072877364,136.29499928956332,orange
19,46,39,20.08049580874759,62.0115551646506,5.704080441873731,117.51077420383886,papaya
36,49,55,22.410147646007157,25.69947774642393,6.042992224451954,78.65896612207142,papaya
65,8,23,37.4276959192972,58.60182734893046,6.015685879735756,196.2533096817383,orange
23,48,43,38.15005029623204,22.83892308257651,6.246568143212554,70.0051947095636,papaya
63,5,21,32.584676742891546,21.294019108804022,7.333510855351234,79.97104254543805,papaya
34,48,58,36.74201462147292,40.29606801967569,5.868026682842026,55.13696038789182,orange
16,5,43,26.82885806010458,64.71574050537245,7.001480480147174,73.719430372333,papaya
91,9,20,28.876086286084277,44.32076549082304,6.211151632153829,204.20101790264397,orange
53,41,30,20.531061017900992,24.652503544265198,6.677540151383321,196.631898041575,orange
13,45,56,28.155887009297476,44.158140979029206,5.9634639424687474,156.9505959780488,papaya
16,36,25,34.26534207948057,43.03161305546687,7.120536261000908,237.3248128714369,orange
83,33,19,28.616885953654904,65.50279669736173,7.492686080809388,83.04704240359541,papaya
76,41,18,20.96401738056416,44.29648490756858,5.933311170821187,58.98020062123608,papaya
54,10,58,25.55823335429471,52.84227621531008,6.438163707036505,103.87546582281465,orange
61,49,31,34.74662749714441,60.16766366425518,6.734406897233543,81.1777075242752,papaya
24,15,57,20.565696375198435,65.18322439267337,6.602991577552944,110.79328253830118,orange
34,15,21,22.97873967965072,40.76887030823801,5.757357432864559,104.430895815791,orange
97,47,26,27.762072542304686,35.456560308739896,5.884620333855477,247.0518489084509,orange
88,11,23,30.67609194059677,49.42356751827228,6.706004180580765,183.69907543543604,orange
35,34,9,26.25882328109802,31.479070391428625,5.932914818851234,147.72616535446232,papaya
22,17,12,37.92873964298262,46.40853978916263,7.252902317081325,105.47698553507344,orange
58,31,40,37.27462237017718,17.052826945305128,6.538166927793904,214.94216650375267,papaya
95,10,40,38.194575509968494,18.4830696710325,6.917712368896678,131.3611797333522,orange
30,22,54,24.94140919159824,62.872958232955085,7.409384788829611,241.6190398341149,papaya
49,43,9,36.54872787358434,61.62508130681321,6.687286301495071,230.9883777637814,papaya
39,14,13,23.280603563828297,22.10993957695784,6.155741135574112,54.76269679056431,papaya
26,45,47,30.14957835788747,30.420555202201967,6.21565339297238,126.27296735987004,orange
71,18,17,25.182160227425264,65.21210044178133,6.830836980430268,71.42392916889655,papaya
78,18,23,20.518259945471154,51.93560511215507,5.547651496892359,143.76398590558483,papaya
52,20,43,28.34912153749484,46.89862138316794,7.096674481616403,247.5029503990007,papaya
10,8,14,28.98325403081392,64.74978088558814,6.016858206654957,140.35943220367236,orange
21,44,57,31.9268867419985,60.33612226932188,5.96303864336624,185.2068919977352,orange
53,14,18,32.564192464335434,36.483429606328,7.442804342985116,178.90743215417513,orange
24,20,46,29.972756116541877,66.21998192322494,6.929556611842703,236.29472977976627,papaya
48,46,31,33.81227120901023,61.97435199546432,5.833783988285976,219.40281535050653,papaya
96,8,27,24.35262983537062,36.5155360756611,6.320278869184032,174.13247652563183,papaya
28,32,18,28.6507831435348,30.217301332183084,6.240706278064054,94.05487489233506,orange
64,6,19,24.7285832428588,36.6922359174494,5.7733903564796325,211.9499605393152,orange
86,21,31,29.605720312013656,45.19354681808905,7.254569713310135,104.06698971417524,orange
78,32,52,34.09162503381261,56.90518476928985,6.9443153143917264,165.7701702547445,papaya
23,26,57,39.02837690389051,57.24350709632167,6.115623477982803,228.20940072659027,papaya
90,8,37,32.24640474611583,50.64310760592898,5.572571922399534,179.29970166499794,orange
60,41,24,26.438873511730154,35.19478544713846,6.300995338982699,165.05257008439426,papaya
26,26,20,34.09771758103784,30.082472662708007,7.078906537626933,128.0618767118255,orange
97,45,12,25.479965380086757,51.48470710625314,6.964507565277201,231.7241530717532,papaya
73,12,29,27.86123022186293,35.45098313496355,7.163295727915328,137.45041096656212,papaya
25,35,39,35.261409070451194,66.9997602423501,6.760626148712333,158.2782786554236,orange
51,28,37,30.951282821032265,26.736402186937383,5.667461290759071,173.35980628279515,papaya
25,17,22,20.606828455586918,60.247378694490514,7.473586165377893,171.71055659147638,papaya
92,25,10,36.91757820488037,60.13716437173928,7.192528235475442,173.88235087567867,papaya
28,7,36,23.954710931036868,68.48370475752836,5.785553175548986,147.09549704239834,papaya
56,47,36,30.03542031557955,31.967114923332137,6.942492774864485,106.82021134302477,orange
46,32,45,27.998278848808926,50.68267376542102,6.9733757072972775,206.78104832493617,orange
58,22,35,32.523399059457006,31.228993757009626,6.04835891306345,224.4538954072989,orange
27,7,47,33.18311866064939,59.6929724483823,6.9158501981339455,216.43455377043344,papaya
45,21,16,23.70189195930879,55.746017315508446,7.2134945786031235,154.18276233143527,orange
40,17,53,30.21780015865161,69.02901533843453,7.064034130044863,140.82561292284902,papaya
33,13,22,30.534759312063557,52.01788490972899,6.828192769724099,108.32846357470714,papaya
72,12,20,22.884939343211837,32.2454424393997,6.305388915908136,238.5006876082275,orange
14,27,30,22.61296091650116,20.15757022922709,6.545830185989539,83.27713164814904,orange
77,20,7,31.260882502527693,51.04222671151801,6.791307603940715,223.86568510417015,orange
94,26,42,34.947999176340204,28.640345085013426,5.5929999000171815,209.65788904283315,orange
20,46,36,29.62170138448909,33.224327187687535,7.115464644477076,230.32727525664444,orange
63,16,37,36.907598635828606,39.1221919955178,6.152493090132574,141.05862066220078,orange
22,10,30,30.168685459129687,51.42773748528956,6.10982022114232,76.81230706461389,orange
83,40,55,20.816810242701976,52.68642561946236,6.131710743551261,168.861807355684,papaya
19,34,36,36.20871127686803,17.77195669619797,6.1051216487590905,56.90112322781475,papaya
70,44,7,27.333894049517266,25.81399921296444,6.561123535850234,163.99612699267814,orange
21,48,48,23.762425474912945,47.70560800010836,6.2966054268997,228.0941053409947,papaya
71,43,45,31.47033018391557,52.8199993779266,6.458969806193204,151.26110996610822,orange
10,10,49,34.25147421267067,52.84957048291168,6.1538087997339925,51.30370442401546,papaya
86,6,17,36.74323213200235,37.34809072290447,7.427562581110147,55.96353651670636,papaya
79,29,43,33.10858161883383,56.98192694476937,6.350135478890872,230.78424284717676,papaya
98,45,29,38.75431172580775,65.42353249629306,5.588753644885839,236.76199824737952,papaya
61,7,23,36.781595309239805,34.83494319283194,6.08455861667742,115.40009101839983,orange
65,34,58,39.540063908327525,18.77556524798453,7.325428226824284,221.3518318573602,orange
12,6,40,20.20390010380281,53.86206927091434,5.635990974410538,113.40059646606149,orange
71,42,49,34.145284343087084,52.19539625470951,5.641984254750624,51.11906300254703,orange
20,48,39,36.360303833537245,37.21387621875315,6.946450234737599,126.51018769583654,papaya
79,14,6,34.71555108585285,37.3955685467205,6.807384665120363,186.30105481589283,papaya
51,19,59,36.37155020994313,17.219319405156806,6.537349404763695,213.71873090355427,papaya
29,11,52,25.22846498520528,22.47234966601953,6.784166583889604,99.31932444364412,orange
62,33,56,30.59605801005058,31.78561918240717,5.976901733294266,161.85396499541176,papaya
43,24,53,24.528270041941624,53.255510341577526,6.263812951590779,90.44558309668966,papaya
56,13,36,35.20523544572745,29.17547335253667,6.977057978771135,216.9017986127823,papaya
93,6,6,29.95100060806343,51.59818648362332,5.778930047477864,113.18546379407192,orange
75,24,13,39.696211415396064,27.455643987471703,7.091468900589692,243.86576527352224,orange
78,29,27,39.99091837883349,35.58945211480035,7.0639655051483015,214.3528782600457,papaya
59,23,32,37.306105159778085,25.953983494695144,6.551873586505005,91.37926401767338,orange
39,13,42,27.236592009285594,34.44688858480547,6.357325842620974,70.5363439417691,papaya
55,16,36,22.78731892202298,57.99932783742569,6.763952472822094,196.83295135803095,orange
95,47,41,31.61297796633913,23.875788064263705,6.8351797282076685,192.28345343705627,orange
52,15,56,31.996625616912542,20.842843142982098,6.617061630312196,182.249130903076,papaya
91,39,28,36.29494354377461,58.87467596210676,6.387180869037183,112.73827850084236,orange
87,43,47,28.59107898691354,33.49295117224507,6.624478081385691,187.31981310836383,orange
58,29,13,31.130002146630638,56.987210105458125,6.6527636909300805,126.678566796323,orange
24,31,9,33.57471673404083,69.1418924548775,6.777654817250111,95.77565569948123,orange
39,16,57,30.15019632511744,61.46216781135502,6.6851715835947365,243.54723626670608,orange
81,33,12,29.50786111699252,39.314191241532384,6.151584160942942,137.92325298158642,orange
91,43,25,36.883161486618775,54.09123463623327,6.033201525978877,227.59936644067028,papaya
74,15,23,39.02406905555034,62.82001685893969,5.73051439948128,136.74946467861992,orange
16,36,51,28.126648823487432,60.99109980257055,6.368643856618368,161.32114087563716,orange
18,46,45,36.29624237585942,69.92991873069596,5.97191714562612,137.47330444910932,papaya
59,47,17,39.47262954869386,49.74270800165806,6.129021851735624,120.0030716955439,orange
79,14,37,33.883470083654736,62.51374426591798,5.5476064517269625,73.61754551913475,papaya
43,34,9,35.64930369052796,38.71119537430277,7.148601735984387,200.075899675701,papaya
88,8,26,23.64112433642218,38.45557970024914,6.510867676521693,148.0740836883303,papaya
33,17,27,30.38173552875661,69.07131484622532,6.76391300688352,74.3149119451333,orange
65,32,41,31.80055387595944,65.26006940368562,5.852664730484171,89.41653833718124,papaya
85,44,24,28.12502490549909,59.360528564962486,6.304550331144717,109.77565424342136,papaya
35,30,24,37.34557263262517,39.178129452235495,6.125021458778517,94.1644865192674,orange
29,44,43,26.026435219440984,53.78343668415749,6.5094557311505525,106.14764888690128,orange
23,8,42,32.98564405642345,16.374115821092357,6.91132983010648,83.62995702319462,papaya
99,44,36,39.80019491997139,24.17519437388836,5.756020946369125,108.07384101158056,orange
35,27,20,26.722631657566637,48.192949953344666,5.740872006222003,152.92763829568952,papaya
40,5,6,32.571544898741834,24.379588112719265,7.443250090360093,191.5646313443324,orange
89,37,51,28.08328663790045,57.96886588112049,5.505931366011514,67.51606276682318,papaya
31,6,13,22.223675653620475,49.95726927274992,5.542193613916006,161.619699682038,orange
85,22,37,33.68964100217361,27.14630890679226,6.444439136087159,168.12314890131677,papaya
96,38,14,23.15965247188448,44.78446285793967,7.032367570981293,88.54807250546975,orange
89,34,30,36.86235654330554,51.85129259743894,6.261522314347584,159.0856851297105,orange
91,46,50,33.248104297597536,16.93046720898119,5.5048461941711615,203.4629361840688,papaya
82,45,20,24.07584331611824,36.74601648940178,6.482336097230316,87.20594944620477,papaya
14,18,41,31.985545333128545,25.80793632503827,5.710524485641205,145.24253377450128,papaya
80,20,41,24.29006088040924,59.86539822514074,5.983379411152484,225.15256361038055,orange
24,44,30,20.105827029905345,58.66265142719261,7.335008651117979,100.1331596757959,papaya
10,16,36,30.71564269511611,60.59779196760858,6.643753173661275,71.30764345107559,orange
18,18,51,33.575385103158695,67.25707163634476,5.816993410121973,68.57313047475543,orange
97,32,5,28.02362976795974,30.645945434947397,7.241468754721944,108.55211059875718,papaya
68,8,47,23.47050585088942,36.99593371171228,7.236519451020975,116.38689723736736,papaya
15,38,29,21.05855857879327,35.52466327103278,5.524076744916212,135.6778912565428,orange
19,34,52,29.246291796854027,22.67324604716741,6.349787251605093,152.8503204791934,papaya
33,7,10,31.90425570681601,18.21698102400596,6.078871193074358,204.71955924808884,orange
85,46,56,23.45251925406064,30.678992174756907,7.352755513185228,87.62841403047194,orange
45,48,34,32.775708982903865,27.966682572874525,6.745012742640332,223.9829637903109,orange
34,14,20,21.60484413649428,42.16570631178331,6.146074587296806,94.69004302831708,orange
38,7,16,27.069333612026117,38.73747752340116,6.7662347844925606,175.4972190858527,papaya
87,13,13,31.46882099817217,20.738604932841795,7.354675742780287,131.16034697114895,papaya
27,40,12,24.406102705883185,54.76778827901993,5.77960558904763,61.56842793382158,orange
68,19,52,27.202280503432643,48.32812843663165,7.231537556221827,162.1708267313176,papaya
20,16,10,29.519567229985547,58.539530850121615,7.090984595588124,92.40388440163888,orange
29,25,33,38.44789122525293,55.55100351857381,5.602937774688374,148.63846765608454,orange
79,44,59,29.218441284112515,53.29959842702208,6.78903431222073,151.78867470916822,orange
98,34,9,22.444530853194877,33.919293743890165,6.699093275049275,228.0241101665744,orange
65,15,42,24.14474714594199,35.897311166203096,6.02482297692913,63.29712019499219,orange
45,40,10,26.97253705266461,51.22802104586259,6.260942678317543,210.0996767356876,orange
52,6,46,27.32130921986534,17.04044702822738,6.269706480011149,116.08918424092852,papaya
63,30,18,31.5338403533604,46.53141285283153,6.324040093323019,232.2376908097964,papaya
53,7,51,27.536962263488583,26.73997047339189,5.671196362317617,188.77696788059143,papaya
71,36,7,25.20460300539508,58.460462992405,7.235646703053884,235.6216386756404,orange
88,25,54,29.06870063093356,21.827727040059443,6.980125485525573,87.30287575779425,papaya
94,23,43,22.845122684541145,48.62176730843204,7.305136069032461,178.82984147983004,papaya
25,21,48,20.04062152455255,22.129351554151786,6.282283629917863,226.8230063702304,papaya
59,27,10,25.065892357401765,50.09712660232211,5.845684802945231,127.16800636845448,orange
94,45,23,26.93380353283502,65.28796103685542,6.875218321633071,145.20671068106492,papaya
46,46,51,32.330467333084705,51.31166309757021,6.575819178709954,95.46048185611018,papaya
70,21,15,34.29335938531661,58.79288273408488,6.198690688921985,183.9635518740629,papaya
99,8,22,37.7670739325952,36.73272937127366,7.303361694726906,112.53603066890544,orange
17,27,15,39.16859315108955,47.57695518964536,7.318805179145187,65.22652904607891,papaya
27,33,59,30.51939724229026,63.42501528904364,6.639818818574206,194.2888499796954,papaya
70,35,15,25.59013347584842,59.90207434072329,7.224653476573904,124.82211884971726,papaya
75,6,5,20.97537668031676,34.06416582515609,6.4441338514834055,158.96965926884215,orange
55,34,15,29.302750468003342,19.79776659644997,6.1467212473869175,65.95993229424462,papaya
61,49,7,28.831323127786263,46.53104613625135,6.910964691265511,110.38906439781162,papaya
91,23,26,38.49172664629496,31.886598812052195,6.615973211153477,137.33886365593827,orange
32,12,11,27.72902451614925,66.10197803963825,6.878335069967054,69.66933143281153,orange
76,33,49,38.33381938508438,30.676042687445943,7.487726679642568,76.60144841548595,papaya
10,49,15,38.288309198767934,39.60774795955177,5.655829912486378,68.51760141526857,orange
19,5,47,35.842245643134575,49.13964968745159,6.527804947963325,97.32917521469074,orange
75,12,29,31.08617837822113,16.427679755980744,6.7793320797326,80.10679916960495,papaya
63,17,37,22.731574594183524,61.15090219137686,5.767742738340443,233.9310195079982,orange
40,24,45,33.42089441620278,41.11318745640512,7.093817750366744,167.17773950379006,orange
16,40,31,22.52427941169312,57.185428912352336,6.218222509747063,149.58434777887163,papaya
22,11,28,36.74473744769884,33.611505170774066,5.838244586248623,239.75906736780937,orange
36,25,32,24.0407074007786,32.06287982055954,6.641385572624179,128.8151591248684,orange
32,28,15,24.90113084908426,16.711530063320346,7.144772621099055,72.41659549524803,orange
89,22,12,26.98186287805121,61.59152708344086,6.217930145582876,160.68860582464504,papaya
40,22,46,26.92093833617967,65.9924561218682,7.483462055694216,63.47150461477007,papaya
68,47,47,22.440031804532502,36.26846943716095,5.631994523026974,168.09603749342696,papaya
88,22,15,21.68165047196409,24.83384994845776,6.480463224087028,238.6217985280874,orange
95,46,50,24.60084310877771,19.406890253191246,6.523776239507932,91.27325086741374,orange
82,16,19,26.611421859537412,25.53290922201139,6.599043814181744,104.21359452201958,orange
55,24,51,38.79267088976444,56.80574348312162,6.032179280740981,217.02499651396175,orange
30,33,12,33.60764422603657,61.98406888878006,6.910444045682808,177.36524122042198,papaya
74,22,7,21.85365717160012,45.11181816388137,7.051152262393225,204.92749441203577,orange
74,44,17,31.752485651906103,52.57804763275511,5.955498342105699,85.52922695091269,orange
53,15,11,35.761608420533385,37.76682325343745,5.628134694982341,79.67422923373151,orange
70,34,45,33.975904110164564,16.715346192049406,6.005099087390088,194.3819119979624,orange
44,35,56,28.126631688442917,63.27589529795185,6.522320979906681,120.52060591981495,orange
88,29,44,27.903153473087016,34.59108946819583,7.148954152510928,86.71994560064138,papaya
69,16,33,37.7319459971328,26.108724779335876,6.786489152262752,233.6020656111164,papaya
63,30,11,37.612279927757854,56.50227949484327,5.759824863679328,183.30035916902597,papaya
41,37,19,21.58055976813266,66.99561874012235,6.434347877774595,56.18945621333626,papaya
46,47,44,35.264867979545826,22.640940099938053,6.157529036789646,119.27651926477682,orange
56,34,19,32.48218493449563,29.347727707856013,6.173466535091462,234.2020698713467,orange
98,35,5,34.80291460750022,24.147322675550846,5.621045292273898,206.90712550075588,orange
52,31,12,23.684852320295445,43.505394547722986,5.507059186702668,109.45602684092582,papaya
43,45,8,30.453025122839904,43.14327165199188,7.351031396586794,122.78888949254458,orange
18,6,49,36.89927456175516,34.34963624822655,6.806241839183775,73.90364942722454,papaya
71,15,46,25.538657362353472,64.81507544278873,6.251512499356407,100.64225405470712,papaya
57,32,45,21.303682989023496,44.23511146015287,7.0155452130991165,237.354702149583,papaya
68,26,24,24.98908794356881,33.19549858796324,5.815151642180134,164.76187315599748,orange
33,32,45,26.081792148987585,31.504236824023245,6.262880917330511,245.6475868456788,papaya
64,49,10,30.53897475643888,69.93981291802217,6.492198134126055,170.28984718343114,orange
85,22,19,22.584048058791232,58.833395507330906,6.015049896291512,193.35492251418975,papaya
76,36,14,26.716471828115303,38.80008321947444,6.79938611975358,246.5532921577133,orange
54,20,23,20.464600214061456,35.9852885180131,6.760927052089347,139.99679583106794,orange
81,19,6,29.33215604554532,40.18182221184056,5.704356745395588,117.4276377533339,orange
79,17,43,31.221328346262474,48.92794224837953,5.96860081441016,164.91737278564872,papaya
28,32,19,20.816962243499177,60.75734757679598,6.95698931462766,146.50717954666595,orange
62,45,19,22.604403421803205,41.290594567212025,5.935204683565003,155.50473643297192,orange
47,48,25,35.35603849460669,58.99149426148449,6.953301845865093,244.5464536114219,orange
89,22,26,28.71299046737617,16.126059338009973,6.15713557539807,202.45662592706,papaya
37,6,20,33.88058861273177,44.78729665343519,6.340283066793637,113.83368958745169,orange
73,20,26,22.62990625338056,45.71937175059819,5.599786159895295,66.77841545416827,orange
83,16,17,36.91697934141661,66.8030280503977,7.13943957984262,152.74538579354729,orange
79,28,25,23.25324025508627,61.61927304114215,5.713911480022124,178.52018430543316,papaya
52,16,26,33.06584551856573,34.2075912516269,6.29274300589601,202.76444590626596,papaya
72,31,20,31.85669390874458,20.245484978406324,6.357422756725766,248.33715332400357,orange
86,31,8,20.67814696748578,53.25319126051152,6.133919606808417,69.75295889739279,papaya
92,43,43,28.183089454653302,16.325437168996096,7.378158937401317,119.0892028173383,papaya
29,42,30,30.180474528025133,47.931611076895294,5.737692893785127,163.18484022636358,papaya
42,17,23,26.793165062010655,30.26671507348322,6.901309141810641,66.56032754096542,papaya
54,49,46,39.36115278231678,49.741822310747736,5.67580362032947,95.3607047685509,orange
73,38,51,22.482952860264803,52.4898903156134,5.86292460766077,186.341749689877,papaya
61,44,37,29.224652897010543,26.52477207994002,7.011009702391633,96.63177750177616,papaya
71,43,30,30.75388165516081,47.86855204456408,7.194930879019221,243.7224967486441,orange
27,9,45,39.81815162797182,20.872935033551958,7.305358857249617,172.36553552665725,papaya
38,5,17,23.886279218003253,49.54305669455373,5.945348892801321,165.20470387681962,papaya
48,11,43,22.764990561881547,29.69882584471396,7.202563231890854,127.70940335159136,orange
31,44,29,23.178454130249765,54.0304976723095,7.219658969424397,137.48162004657746,papaya
30,5,45,29.63056600531481,52.92641661832629,6.971354860126889,80.61234048261585,orange
41,27,59,27.894719985584256,29.141517943679403,6.590751105486598,51.56460933979395,orange
33,9,34,34.64748871628143,20.24679285324348,6.8913273410891565,111.14875050187464,papaya
88,32,35,23.32023555927821,41.02687671386271,6.977752619736989,190.2178604017741,orange
71,35,58,28.260761791869665,51.00849585349899,6.28066323007045,97.85816611785494,papaya
17,18,29,34.307907863272014,55.660958312490784,6.57867101235372,216.69397805662987,orange
21,49,43,38.90869513770933,63.66582141903303,7.027797305315419,133.49283425628605,papaya
14,20,23,20.282799852210008,48.15826362472677,7.186831758835111,94.09070602037104,orange
39,23,22,33.994418080411286,61.42947332863076,7.324984121674378,67.24725005322492,orange
71,33,44,27.090650946007848,39.94533793638051,7.05875476731461,62.90097900917586,papaya
10,24,7,39.06926283260567,60.405086805175415,5.840469007008011,205.63460318504448,orange
80,13,52,26.903310222230598,69.88539935626501,5.655802469385701,96.45273316358104,papaya
10,48,57,37.56479451490334,58.77876912761657,5.902064812207021,59.36473762105374,papaya
17,32,22,29.671792911031076,60.0021487266859,6.721077122003655,102.93836915928148,orange
77,8,12,26.097268479567056,49.70728932556015,6.051316107000615,195.84889020831488,orange
89,7,20,21.893696295198417,43.55375183427759,5.8239178474095326,237.53298816705,papaya
87,45,29,31.922463464862147,23.7228348344702,6.164640876371143,87.41172716468073,papaya
63,39,18,29.35554460650698,34.1714680998709,7.481364753441572,170.53950931633986,papaya
87,21,19,31.59689884784049,24.26933662536292,6.412150569982001,111.34913884685108,papaya
27,36,59,21.831882117055315,19.35489670023276,5.892564028038747,230.55060331161644,orange
90,8,53,20.085532464280835,28.143229181562543,6.8747108991911166,190.72496165053244,orange
10,35,49,29.89403181069565,33.57013924425141,6.096455181703025,77.44560244920662,orange
84,12,43,31.332043245087423,54.201353521488485,7.178878348566927,98.50767747575644,papaya
63,39,45,20.055023593589315,25.138221489932143,5.762381718709753,82.59039189077745,orange
48,22,14,34.15038049133335,38.5343622669961,6.06637162133581,205.43983911027905,orange
74,22,29,26.02771908273297,34.04311484438642,5.760642134263226,190.0007387684708,papaya
44,24,27,36.149746335875335,32.22095040694283,7.018670584932397,170.4459530833397,orange
82,16,6,30.62126848875823,50.70009905383705,6.132672212280689,184.8564614452602,papaya
46,31,44,31.127510299692386,53.99858027999768,7.169421678716805,146.15338299684316,orange
89,10,41,24.87890391100981,23.828013939744935,7.097592286001973,77.57906444363465,orange
33,8,7,32.02470222340685,27.49716208357981,6.464940236357128,131.57946513487087,orange
32,32,59,32.74421835388489,48.26348402392786,6.345378433744937,147.6003793995844,orange
55,22,16,24.618490533958948,23.937741423111227,7.123791395564867,217.74324948477675,papaya
39,16,41,32.79344726927769,17.590822993698527,7.290131405890028,101.96854949889618,orange
87,37,48,38.81906531783277,23.025001572780745,6.827953022796192,220.49433594785293,orange
48,10,57,38.63145630621102,65.06441791124158,7.464498711754959,147.8043896024184,papaya
42,8,22,37.57428402051073,17.323869020986116,6.045266068370424,226.19440052938944,orange
46,33,5,29.1135245715536,58.08750123368727,7.3665410519733,233.4336253845277,papaya
75,21,51,33.08954449009122,68.85516244364004,5.7303230230058055,54.67839208967389,papaya
83,28,51,24.96063257224829,43.33185296041573,6.548634720862061,209.3085855248173,orange
31,29,55,39.97986051482883,23.10678335373037,7.100013308398787,225.5802317211964,orange
85,29,44,20.01771777536771,16.893593031544736,5.989276060899852,101.74556817139072,papaya
94,12,50,30.830408507030928,69.26813768864832,6.99444615984114,231.3789463637788,papaya
59,29,17,35.3890764680413,43.379410733269495,7.033646596880066,98.39075025184135,orange
95,12,39,21.276076628148274,48.56485447487701,6.890504422989743,98.15696786247898,papaya
56,15,40,25.897246718299165,62.14169708584578,7.011252944199248,248.7218708082097,papaya
93,36,55,26.211994038374897,61.32024356257997,6.119780267510375,211.19073700885744,papaya
87,25,14,30.675986347694884,58.98540145969217,6.361063877711701,191.27151862612544,orange
75,13,36,39.09664246435607,17.679782497983034,6.648704344996162,205.54235374859783,papaya
68,12,11,38.73063901331455,15.194735083457804,6.569766877996804,105.62980603648344,papaya
66,8,56,20.294082395831644,35.44981536057982,5.555848648564213,111.54157243054397,papaya
15,38,56,36.62182319931197,45.96121895508363,7.240324540134045,163.69753138658126,papaya
54,32,40,33.16094363084741,51.94702771040841,5.707886464733332,207.1239155481605,orange
63,33,57,39.1732645394298,42.04650438308629,5.864649952451996,199.9292324012117,papaya
69,12,7,21.314182619325763,53.11276458162878,6.031450212617537,114.07287675571392,papaya
16,19,50,31.241108694314637,19.798808131695186,7.270690130215183,63.37642912394852,orange
28,37,56,24.81216084545804,36.39221935412168,6.919497847865035,169.62167760144007,orange
98,23,49,20.943082597975508,21.0696954810672,7.111843782121419,235.01588727798875,papaya
82,30,7,31.812953573121074,26.74207258331569,5.58020726892277,179.34582687457538,orange
41,21,43,23.943269006803707,66.64812216204511,6.679367519407444,92.1148507065608,papaya
77,49,40,38.20962502397991,16.318925444491352,6.75166795959489,217.1040752426519,orange
23,27,52,27.625549574304888,44.39170116461794,6.707988082941112,69.30002085086436,papaya
57,18,37,29.01797136913372,18.58631327078696,5.99337006755754,191.4086245748784,papaya
34,17,38,28.659630218641816,29.703924047099203,6.999408931334439,232.28682630666492,orange
49,29,25,39.54921647426737,69.57019106372476,5.841171448871893,199.23462354180472,papaya
38,30,30,31.476012328066084,55.67990152334568,6.776191128969692,159.42682096397857,orange
19,47,12,26.21634051576293,43.5711055409289,6.375020851321785,177.44288311122364,papaya
45,37,33,35.76869674666268,64.8208892858907,6.8483101028970825,117.77621772388194,papaya
26,33,27,21.404353667871977,30.353545328999022,7.347084137259607,114.5062797237368,orange
23,40,53,25.89951014058454,61.32655864155839,7.493770299062207,233.43485199111905,orange
15,42,30,22.71409110862327,59.03989053715984,6.987691686132005,74.68296165401169,orange
89,7,20,35.77291672384426,21.1017264273509,6.109846247458723,128.77071747195342,papaya
48,37,10,29.548026764614285,55.60714934809496,5.911135835283051,246.57415455495251,orange
67,29,19,27.560981461620635,26.825169827937195,5.992670551295998,104.66250349920492,papaya
28,47,25,30.934057127742005,18.76376925034257,5.858278891924019,130.12250608915892,papaya
14,5,12,38.07179936329305,63.62446675948851,6.826663427911677,185.4305189997748,orange
67,19,31,29.15163402413263,58.97428544199808,6.767633524964882,190.04144272221893,papaya
42,44,32,23.9641728433135,34.02419933629049,7.15534063728647,217.08624458863997,papaya
59,26,14,25.050328057091956,25.756136955456224,7.101015740045809,153.366840570539,orange
58,33,13,20.425378226749533,46.38696903392733,5.925397150961557,50.55184199879452,orange
94,31,47,36.14256551711992,53.53441799913188,6.814426808849798,234.7829065298786,orange
75,24,23,23.075550928371065,19.244291948539697,6.497111430442747,152.53776778809618,orange
23,21,5,20.889914693766165,18.224383804757156,6.468436833885176,79.53439888998966,orange
71,5,31,30.302611757850627,60.45628025124723,5.668223069110814,248.0378112388021,orange
18,13,31,31.00472997950262,27.771498159679105,7.431817130193286,66.5802240154912,papaya
87,42,52,37.39499471486669,27.65317776973444,6.386967011020538,210.49282899496288,orange
74,23,50,28.056379761826246,21.74524028501165,5.536095023712992,153.03396508086524,orange
18,5,55,28.71605139856184,45.97940208381316,6.721825739207132,240.70880032501347,orange
51,39,6,22.11346817855414,32.033109313946554,5.801946456811599,187.37733073506783,papaya
28,16,23,25.64412602859558,42.41551901312083,5.903510176550194,82.90332334175656,orange
98,20,48,39.30689359589249,66.10414789998953,6.15079262662128,84.10538991242338,orange
57,17,49,24.350883779375454,26.00155309166008,6.040797776357249,237.2236823563718,orange
27,6,55,33.31960793125923,60.40038793545721,7.099757194705799,209.8909757988111,orange
88,44,18,31.63478874669492,53.95692355499959,7.493244484462711,142.99049455103375,papaya
91,18,22,21.661458866427395,46.33423019906384,5.6867275414855065,164.11110445092328,orange
78,22,10,25.4998743646374,64.01266094557894,7.371492040885596,220.4081546148201,papaya
24,34,27,35.388052133692184,23.52660994524692,5.581592636537765,193.27738739819844,papaya
71,34,7,20.86365711306851,30.11661646300692,7.158262057797838,123.36101445092528,papaya
47,22,46,27.320059635074266,35.13101813784962,6.000849071508953,129.5948538423001,papaya
82,12,24,26.5136004071656,64.21079191073134,6.2853045006918284,103.154165394403,orange
61,25,42,21.222416969192025,29.45188201639173,7.438585632100419,122.22517311891446,papaya
31,27,32,34.52490906188954,32.249084334533734,5.566646117202223,144.93514834773327,papaya
27,42,59,38.92069967561264,64.43192573934792,7.217643604376393,149.07605125427,papaya
29,17,58,20.348586853978773,67.71615560544022,6.603906921926288,215.2338268873796,orange
88,43,56,22.562956021291036,67.46987714364596,6.84201464907972,158.3255498753093,orange
93,27,15,26.424393962486704,69.71991830330481,5.95988572096994,197.99909663503493,papaya
80,46,49,34.442458050577045,59.35048264950322,7.020605707341599,223.9929100150194,papaya
77,5,54,22.551999118407718,20.81167841315039,6.58222012961914,208.1757275837387,papaya
14,34,33,31.47030442132648,34.59413638872984,5.953219882802175,177.74640572467348,papaya
86,37,9,29.788686812307745,51.85260213281645,6.9174344226836375,160.9559748159826,orange
99,8,20,27.566078244311,17.417634898182666,5.57541582448861,101.82329717404136,papaya
74,35,40,32.22777339053874,39.99872178088222,5.849570608647507,81.16879176131498,papaya
29,46,17,35.59588769694098,19.30195195756904,6.60255698815493,177.1611912058744,orange
79,49,58,38.8073958902295,33.404762054413894,5.729524322241293,217.55495281563245,papaya
70,29,56,29.604505447838186,30.90779562221196,6.58058403756523,172.95850168640013,orange
80,32,33,35.200870225739855,28.464066534982187,7.196979253726166,84.29950178445544,orange
84,39,45,25.41873027821183,35.31644756713739,5.554513312513354,114.98378553132464,orange
60,27,28,25.04460565010641,54.35856228694544,6.896898113222785,141.39593657107082,papaya
12,32,38,32.9101097902344,67.46078373402459,7.218146349455442,65.43954787691875,papaya
39,16,35,28.068094296052735,69.21420417036511,7.231146161209151,153.22723542803482,orange
61,19,58,36.93763646643923,34.52687602869892,6.357043079931544,248.6295962182559,papaya
75,43,44,38.5438098561945,44.45352554121675,6.4213180824003,96.96920195528593,orange
74,19,31,36.68060485613992,22.77873170723625,7.236241612983386,247.96306774440296,papaya
51,29,39,27.789240345941792,15.448870535946725,6.8875575388675525,61.86810327267569,orange
23,47,36,20.463741851627287,16.796127126466804,6.111683164833654,155.39833522659393,papaya
52,30,46,23.834653346924316,69.76029327058828,6.813230446849123,249.45964734133543,papaya
62,40,20,31.543295660429536,44.12327584728813,7.236237972699813,183.8843470368267,orange
35,36,10,36.91375533913969,64.54509674180244,7.441955335173533,65.30366067069832,papaya
37,49,5,28.404673788531824,34.27527725618707,7.136893521341426,150.23732121357074,papaya
73,39,40,30.73269793717169,64.19379875556118,5.893316900699375,75.5386898837386,papaya
32,18,47,31.879898919419404,57.29993449475068,6.840784497872638,104.10165650728572,papaya
94,6,32,37.09925616057832,48.02618360695179,6.805105044358626,64.23961841120772,orange
62,38,55,32.57204998472289,16.08881347552769,5.690967852352364,124.72593006192476,orange
83,47,53,30.970586934638444,56.82549683341363,6.243672411923604,212.71247168580027,papaya
13,25,35,38.15769346952605,50.33710450934318,5.607703458981016,181.03794003219855,papaya
94,41,28,24.785689976894048,43.77683646728176,6.297009477733724,144.46403119638265,orange
78,8,24,22.517643538159543,50.94284954080751,6.332371395232946,68.88247471655255,papaya
52,28,30,32.81416227874777,45.500145385553566,6.567364938096304,89.76292046023089,orange
29,8,16,38.96703456860128,34.91777016250151,7.086419537190523,212.5215351306859,orange
52,16,55,28.46052192311722,43.91669688665754,6.193156976754888,249.24297326102385,papaya
39,30,13,25.01776798277845,58.8869965384108,6.847194752056399,135.86200931675552,papaya
25,36,59,27.08990788187567,55.0867019149141,5.839299215965739,56.68954384338085,orange
29,48,37,39.30400445592562,64.24101192464684,6.0125219495646,77.25903048500842,papaya
36,29,29,38.35127844756581,66.81629150348563,6.675458669020271,61.253283754074594,orange
47,33,40,30.877684427254444,19.72800231619762,6.585030606108216,138.8317213424719,orange
82,19,8,38.40017281805649,66.86527734149004,6.210735638885527,132.45303664298606,orange
37,11,45,24.105848855134617,33.97012386575797,6.648316416957392,111.88252490524862,orange
62,38,59,27.452318545960622,43.40301669933689,7.049825825092939,218.95835524798173,papaya
29,33,32,20.28609493416669,61.82159378880178,6.149179990315655,165.91409616593305,papaya
87,28,52,27.49104455654181,21.224217818794447,6.413108563742762,130.2470659748842,papaya
90,9,18,34.750205193066904,18.6431906270136,6.615124340079688,235.6540668944224,papaya
97,13,20,30.65976240252408,34.88163702870288,7.487205193434047,167.2587424975976,papaya
12,36,33,21.36508776542813,49.47286471322112,7.176402626472485,203.6884558759407,papaya
79,26,12,37.476436332103205,50.45418838475089,7.02308710851672,178.1606684409729,orange
85,5,13,35.91575411439979,52.03164298796492,7.353763749286258,160.6616438019652,orange
54,30,9,27.842918482501723,23.42392546507646,7.318427190346818,174.6870904030514,orange
78,15,10,28.793548959207342,17.01421242129328,6.839638385703777,245.88473452676348,papaya
52,23,32,28.723535263838407,55.06268003955179,5.767195382691743,192.0901692184269,papaya
70,8,27,35.91536643401729,57.41830882782581,6.776367057796557,81.6084214465681,orange
57,41,28,29.68123040069912,44.67683834687999,5.82021764373436,248.90243802250544,papaya
35,48,35,29.645977355856825,31.785494736012573,7.024001077342355,61.96509688594154,papaya
82,47,5,35.01263287966261,38.13289738374135,6.273752272145423,113.8991592854618,papaya
86,11,34,23.23249792433873,49.17759661804466,5.882869108712018,94.78033376168432,papaya
29,27,54,29.958544551126234,67.77265037448606,7.21924543787855,66.93141273592764,papaya
52,9,38,20.42297283725361,19.886546840594395,5.999784623827827,157.05981360891593,papaya
79,34,25,26.02973280964108,21.37416068390004,6.5164804880016085,163.88245622156546,papaya
96,27,41,25.036693202954048,64.53178788342191,6.463705303666213,151.28212450388833,papaya
89,25,54,29.77004583807304,33.61639404140905,5.785670223104999,203.6693061350427,orange
69,40,7,23.511901362661156,47.88826019991324,6.904024263304098,190.5349250707773,orange
60,48,46,35.361789346863645,15.208528998128347,6.149224121623765,213.8433004571055,papaya
64,23,12,38.519286841087904,48.74424367550135,7.210056237679748,163.30860318846865,orange
36,44,54,35.50103542416323,40.26805064110219,6.311716943078633,80.93531688474619,papaya
30,15,47,31.43266903261121,49.88378840143515,7.452586101443822,203.9685596410395,papaya
30,44,54,34.71975106136732,41.41343941139204,7.273117519377086,111.70065278619694,papaya
94,42,46,33.50815455516359,19.2036569088039,5.804727697599689,225.14649640468025,orange
34,45,37,27.73487241699339,22.568750033999265,6.615448611065432,74.1820463735136,papaya
11,20,20,36.04565482090044,36.47688070701148,6.093778555781443,195.38698014277088,orange
56,33,18,36.34855607896601,54.26412253717033,5.688043294582357,109.4583517855336,orange
89,24,9,21.071754945613804,63.38609969451551,5.538586217648224,60.64619960179141,papaya
66,42,58,24.91119173685567,50.3074534878204,7.288040164861032,129.45491436367695,orange
74,27,29,24.292421322199186,29.301304243179946,5.887209367675423,95.00545904074028,orange
59,15,54,25.01354673524757,65.88943370520013,6.572158803164041,189.1767077741874,orange
23,40,54,32.6786273648222,16.99776500405695,6.109573632657186,180.1043570692363,papaya
34,5,44,20.73574759793229,30.611368072991752,7.264759161299903,215.12878709549557,papaya
26,42,16,27.936339510929407,43.716648434933816,6.398628765467193,239.62707691827748,orange
60,24,30,31.404184529173023,34.82758933570196,5.851065283902016,154.81379719345165,papaya
74,13,56,21.588217245539745,62.22635892423233,6.621440700827128,170.98243717628307,papaya
70,30,40,20.64255282013509,57.50902585697639,5.836839901787697,99.66243132473409,papaya
67,49,37,32.02993092981336,55.20362889109249,7.306336610260054,160.5677156324835,papaya
38,19,32,29.716161615274387,23.465259821395584,5.965746751299264,231.45249032533448,orange
17,43,22,22.053080557855683,66.31032735892117,6.3156202031536175,240.82185561314236,papaya
36,36,23,38.60767015951302,41.8109413278329,6.741433634355472,189.8685264256221,orange
24,11,49,27.0472849902524,34.158791002198654,6.9210049145344925,140.03434284189396,papaya
50,27,36,31.15885700926204,46.38664624224736,5.967102603352217,116.20971428263768,orange
59,44,44,22.090438374602545,20.05300956173428,7.20443115510885,59.450465422284495,papaya
14,43,9,24.15409920609605,65.7227225828318,6.111096635486349,216.32681378027743,orange
78,10,33,37.78430126553239,20.474730719924462,7.441371190089319,190.88426734188295,papaya
44,30,33,35.61684690505826,37.63580858556678,7.427961304899854,136.54863185554447,orange
41,37,46,38.32829090318701,18.659556395470805,6.29814701841745,75.5393557967877,orange
28,20,9,26.032782560475365,18.85545662753889,5.970161962153977,84.49380777821324,orange
44,41,47,28.37987938824778,28.19590475009369,5.510385877740914,120.07620295942074,orange
31,17,6,28.45743931861864,17.725086231814693,6.049011821461667,124.41646604599616,orange
30,38,31,35.07572976945232,48.64295370660312,7.432085206376798,220.72682697216288,papaya
20,29,12,30.40096079571663,26.31670469649613,6.072653615342375,166.4522147373372,orange
72,20,41,30.882521833527395,42.906204183026006,6.094863314851832,222.3332702351581,orange
68,23,9,21.777891719682746,38.826527193166186,5.63232184573986,156.50511773899643,orange
93,23,5,23.39084997459289,44.8067175912951,6.423906320620639,80.71284980960296,orange
54,26,58,31.529893343729075,65.95807440681364,6.8726904857834485,135.60754070646993,papaya
39,37,31,33.506649378970536,50.84490660574953,5.549298489262504,71.91850909775698,orange
94,27,52,23.05072925812348,61.88792395916543,7.2575042208976,216.09741220080463,papaya
33,10,16,38.09234432555427,24.010269928590034,5.609020790453833,181.578377730668,orange
95,12,52,29.25343472455892,28.704917339733704,6.814723965843614,90.02737393276092,papaya
88,16,36,35.271803063695714,42.17330111349929,7.462280877115151,63.86238604925596,papaya
33,29,8,25.039660758300403,69.66509249319944,6.362528616157339,230.27989153339252,papaya
80,8,39,35.7071363975771,16.26721073426335,6.822264751761233,171.05289773254913,orange
70,27,43,26.661322388514314,36.26489893753266,5.587839902526,205.5449232004104,papaya
15,30,39,35.470350176887166,48.63645420617394,6.653757177474181,204.50444022405836,orange
23,33,45,34.00770961005025,47.07147212745151,5.816625887999589,50.997943840106494,papaya
95,13,35,23.116664349686985,28.94293619349807,7.397430139195196,97.88610796580076,papaya
12,8,15,29.8456347680859,37.78968354379333,7.312146890257873,175.97518300443716,orange
40,22,15,23.24661842550295,67.07297284046761,6.007158556643722,220.6597601741888,papaya
31,42,59,36.29717043536261,42.0182385721222,5.719657484834404,170.7241220730678,papaya
80,35,14,28.40975630962753,57.80665438065695,7.364216392174314,247.79255483090404,orange
92,37,37,28.7735176197507,51.40680260360017,6.005635513383721,201.0178014362547,papaya
99,47,22,30.182241397167623,64.22452339838614,6.942263051333582,142.73711521190256,papaya
28,18,32,25.079983009364668,64.35019443050234,7.393538327717059,164.73085295429394,papaya
22,25,12,31.097660699585987,48.28746028739057,6.312603022423971,196.5224832937157,orange
88,48,27,25.364044762918383,41.52765044035766,6.0856182578806814,70.62326631144992,orange
24,22,59,39.14482166958872,60.23255844638966,7.268400357959418,72.3003986076459,orange
64,13,21,32.90371443967323,62.21698506893958,6.83808073937651,119.01179429016324,papaya
28,28,47,25.77926883435101,42.70120184847251,5.709119092964252,227.64429117447364,orange
86,35,24,35.432251894006804,54.90051702384409,7.238390088640739,148.8008705115538,papaya
21,29,27,33.82022077332914,33.83555973301725,5.717379816726756,187.82825055109623,orange
62,22,9,20.898623785144395,59.81959561365976,5.735438115060937,188.25157717577983,papaya
40,19,39,27.97310272492326,48.51772677253869,6.254893582314025,104.23466411600904,orange
90,35,34,30.002335350189018,18.28562265001012,6.913437226057262,229.60771678440676,orange
32,34,7,34.64513058732864,26.16866678147244,6.213269327101719,134.90300484379526,orange
28,49,32,26.41083005921537,15.463216075783038,6.863547271510356,58.46639020323848,orange
16,19,58,27.553920208923195,68.0055562002978,5.590684193531385,210.74703951109905,papaya
71,44,53,37.36547530273764,36.92729625919061,5.556546273333545,187.6005597760625,orange
37,38,34,39.7979438363149,29.433406379840285,6.756080627957393,164.08916247125595,papaya
21,44,40,32.61458502043663,28.60750628655522,6.611252393506682,203.0426878449869,papaya
79,26,37,32.37372971424969,58.07462877795726,6.618130388375605,88.26060398207272,orange
75,19,45,23.270688975562905,38.83151274372097,6.975916772289318,176.26760049212936,orange
86,31,33,27.20518676933016,48.17437231603331,5.519338097390939,62.459340161013245,orange
31,16,29,37.12830543911815,22.885337197287384,5.921151036506197,227.95078337318893,orange
72,29,30,39.35216266566456,61.00091527302876,6.600881109084519,226.86294820181823,papaya
59,37,27,28.71666495059144,19.592585862959677,7.494369335914394,185.13623827332583,orange
17,27,40,30.0099100321435,45.95243519764979,5.868329686160681,121.56379379232436,orange
85,18,44,25.04365956925961,16.240985505863662,5.865908151827875,246.58805050737635,orange
80,14,30,33.84246006535269,19.57685730263817,6.211505168853312,207.27944108846748,orange
80,45,10,39.50529975506265,52.03096497785069,6.601136021276581,176.63040183989858,orange
34,33,10,33.2334267782198,21.482607812887785,6.426366674370143,73.73048266080468,papaya
46,26,49,26.171838350427127,50.75405650621562,5.571078584835158,219.0830894157982,orange
13,28,47,22.45297286937321,49.32432617545298,6.70743234677534,104.71997399901234,orange
26,6,58,38.19064065338527,42.24028826099182,6.123203392210537,169.9982067439098,papaya
57,40,10,26.96309685212371,29.32328719223888,6.535180089245201,83.10311002526907,orange
81,25,54,29.090029650653506,63.49180269511005,5.666651722522755,189.7700759412362,orange
83,48,51,38.00607079799695,60.69425083399039,6.55349468044646,102.67404642217936,orange
69,10,59,29.485183339642305,15.47996239295492,6.118741643562107,133.19324660058004,papaya
22,34,46,32.89996852822229,23.05076873521977,6.412427751286867,183.428475309538,papaya
56,18,16,39.73579886447124,54.009825425404095,6.5525523434744,94.7497602257911,orange
58,42,33,35.313548055931776,28.485407361272344,5.969381529485984,109.11983576948565,papaya
29,38,38,39.00022060102462,63.87171729790294,5.504663774346785,216.3421805067764,orange
44,33,24,28.033062661437928,60.07033333223815,7.000219719349393,77.38279278943594,papaya
94,15,48,39.17020388407856,30.40719614185001,6.603277660887407,187.35609513056707,papaya
85,39,14,25.3563408341421,46.69594684945477,6.420705919654529,154.72773816845614,papaya
98,41,26,28.27493154893895,54.10418896576853,6.629208090852529,116.58641643386876,orange
44,38,15,22.5148560321122,61.06477683591298,5.9945391865469375,143.06320756024354,orange
42,49,58,29.105332807646946,27.99759407992898,7.233079413977579,116.16745557007224,papaya
55,6,54,22.30302212828002,55.42785645228359,6.023265912241988,160.36623479158686,papaya
60,36,46,30.97028059064982,67.24233261310633,5.864617182691544,184.3130188209104,papaya
13,43,17,25.769262003598,58.93279181300986,6.26566616285342,58.04535598005229,papaya
14,23,9,27.144434055559564,59.82754385798266,6.906066547754024,164.7825448687734,papaya
17,48,6,31.66739346222496,31.44327408317385,5.598337375827854,138.7692384099961,papaya
88,15,49,26.63698871646241,16.351024642368092,7.429572440008298,121.04795039539025,papaya
56,8,36,33.354843044924515,35.69177325241278,5.676097099134394,103.60520453870636,papaya
39,46,59,29.26573834517315,40.84251250718259,6.5645712367023,59.72987971570703,orange
97,10,12,25.379489562485677,65.06797913366069,6.239162762939475,83.19621691378632,papaya
87,24,31,31.341846313192143,34.37860768247326,6.54146431063622,246.3525959323255,orange
38,11,16,35.7815964850754,67.05846578918656,7.160606840526133,131.80087282690369,papaya
47,42,38,38.80417334069145,32.164978625625736,5.745993902864511,79.68912653056346,papaya
38,43,50,35.73794060788543,45.22891669833453,6.938767060081268,207.56088880461093,orange
34,29,12,24.03515266268299,59.733827861318645,6.798023481903545,145.88004130717246,orange
61,44,43,30.69182169701301,39.22468017618179,5.666339954224731,59.18451682930719,orange
71,29,43,30.22118074623348,17.260104133223397,5.530146275472872,178.81292933037338,papaya
23,28,18,36.6768528868742,21.93213301772453,6.77285142586323,145.17401951788602,papaya
29,23,55,34.40041367134272,22.563707073578364,7.385784767224839,184.39491407075272,papaya
53,39,25,38.90899291531503,60.60907196158815,6.478043571866597,189.0612185272058,papaya
53,36,43,36.84936274224884,31.570077481309674,6.94659113780369,116.22908986934785,papaya
73,28,12,33.505886777039954,38.60157472929322,7.413437519317027,209.9655047873545,orange
22,10,48,22.51772289699105,49.33740679546762,6.0191639956692455,122.63074777775827,orange
85,37,59,35.07876049530494,68.43835125136977,6.78154934210731,177.9881948155589,papaya
70,37,26,38.33121352287432,34.741106948359715,6.513650869220937,213.51780272485487,papaya
43,31,5,36.40268016800985,65.16880399553855,5.82781211224436,156.24109679960168,papaya
36,8,41,25.93890031646546,51.09984708380731,6.258858826395972,249.54252654422723,papaya
50,32,18,29.504280773281483,15.547474184108196,6.865358705740968,166.82242642153363,orange
84,19,32,36.02916646605715,58.758362359978776,7.176683648926717,138.53491839145656,papaya
19,19,57,35.56408946172761,17.462667651808502,6.148947644312624,212.9496801560948,papaya
50,47,31,28.945479874022872,16.74472862203593,7.294409380891927,58.52023689522361,papaya
25,25,20,34.316221543457885,59.08117480063196,7.276468644472786,67.01642349632783,orange
16,48,26,39.55576923906519,15.21788091044229,5.98144706245097,138.71641243172172,papaya
40,41,18,21.041402725401905,15.355204088168986,6.841182764666604,233.62288444459472,papaya
99,46,25,27.729209133921028,35.11172035150712,6.447339502547859,193.07787917057345,papaya
72,25,51,36.510169694134845,39.68020236101293,7.340035908749261,153.92942517656385,papaya
51,6,59,22.432134667613017,55.19958355764143,6.202205079315238,182.2729710888557,papaya
45,17,43,32.39592364171153,54.53677009434711,6.711939409508132,167.6420602373239,papaya
30,15,36,35.38415984279645,26.130597644005427,7.102337620734267,221.3180821270049,orange
36,40,43,27.766344244496217,53.04506038680655,6.713374223990345,218.2787577257534,papaya
85,46,34,31.217541420009194,34.62164854167774,6.715094477699435,126.04591440609784,papaya
10,46,17,36.9844264116912,24.402812979165308,7.184460438977116,148.60452650459726,orange
48,13,17,31.45659904318663,20.44708496881291,5.524718447647297,118.9157473610554,orange
90,10,19,29.06584219449648,65.75448377889006,5.791220088122817,106.70938405264056,orange
29,19,13,32.337747092611416,29.2644225581974,6.752413097275309,133.27282824810248,papaya
97,8,41,34.090543225420674,39.98000443331621,5.787446800033316,51.96609808544057,papaya
19,28,56,23.750594413209352,66.94669182851351,7.002567494319608,161.09160512617575,papaya
37,24,13,32.78241295326372,67.05800198235472,7.055475852966703,96.38506498144235,papaya
48,22,46,21.93203363100669,66.05447255002763,5.862475521820713,167.99823030634036,orange
64,10,47,23.46957332917086,27.70175090452841,7.028735729413544,157.90776532523105,orange
32,45,51,36.59231257625967,63.7048756957697,6.245022431750193,208.55039974723093,papaya
83,36,48,38.89183060332754,22.66877637395921,6.906594503506221,125.49600848829918,orange
87,49,6,23.122424455435777,43.84942084792587,5.888704180133618,71.67885900169237,orange
46,30,28,38.79712465904973,23.6302681654448,7.079485945985704,52.84933598326303,papaya
35,16,48,38.46348872918867,54.71524165867657,6.976399935215754,68.77406654240654,orange
14,12,22,30.119956325184653,30.89837728227868,7.235037325264741,240.23229662447443,papaya
96,5,55,36.4844509807117,42.36609772114524,6.418295834055636,237.1856250538526,orange
42,43,22,26.51172661594915,15.82306129451541,5.91371206672697,239.61613529213463,papaya
55,19,5,27.536327254580243,39.434378443533376,6.948373448593563,83.73150419147805,orange
56,10,55,21.88159868264868,52.00045418685519,6.325556893347457,61.22667641434081,papaya
56,38,15,32.8414716201232,33.763646582721435,6.7805228907020965,91.95208014991724,papaya
58,20,14,32.70173343301973,30.171391735769014,6.979372124068143,185.9598999743873,papaya
10,26,26,31.15372709948336,40.70060906111688,7.344475152220442,131.74079329300696,orange
52,46,14,21.54489540106464,33.84598891651438,7.415249914863714,247.88174994612788,papaya
43,9,16,24.44654731784295,69.21495434891834,7.181920880941252,239.14579555582696,orange
53,22,55,25.080427355881383,33.985370809589426,7.493622010253096,125.11565381634055,orange
23,14,7,25.91616416292281,19.59509338687109,6.1140168198454266,72.43608708340012,papaya
79,36,56,36.46286806248376,39.64040801841246,5.847838873903356,151.85409343504438,orange
37,12,7,39.85776008987727,44.59527724267142,7.064192860893858,238.1976041016731,papaya
93,42,17,21.51679232169291,51.29857653661581,6.516409889525763,236.12143768887245,papaya
51,10,58,38.52862556837006,51.90954407226168,7.412183688815535,115.49860509550469,orange
80,29,48,39.114877011144486,32.03252136427082,7.238241584644297,240.80504432538487,papaya
49,33,58,27.066641301707676,32.90750594740564,7.308227861241164,61.32770488695394,papaya
25,34,10,24.48327889176785,69.61972328795494,6.18749285710733,178.8700438804902,papaya
32,25,34,27.48756683708173,42.49529924098918,5.754341514185073,180.4298647136946,papaya
26,48,15,26.090848818942334,32.07355971290596,6.798841608436408,113.5196101658084,orange
68,31,6,34.29141934891014,61.86722074406183,6.607961481839611,89.64476950257416,orange
32,33,39,39.14540221878303,52.28818695077085,7.146824022405515,71.90844973773224,orange
45,6,12,21.0537188983682,65.4218256140234,6.868833285276415,101.76675117419352,papaya
52,29,31,30.12552451016889,28.884418419426275,6.996961978846436,78.79673821961129,orange
71,16,51,34.695099623131355,29.914876464515856,7.301442029513293,128.10815100475517,papaya
93,13,42,38.63013522326865,23.25524107234193,5.8946649108642575,171.7813842428676,papaya
28,41,13,39.58967992438748,29.566476960645776,5.980831450344496,87.12321455263792,papaya
47,8,15,24.53876349445594,22.24228820534519,7.06929617659977,169.68156287091543,orange
91,38,13,26.61105341909871,58.01313014188106,6.546030409826866,79.36024278586842,orange
19,7,49,37.7230622232796,20.738748883777788,7.213969166229477,224.0980884257644,papaya
45,38,49,39.68493189016797,69.67210367582905,6.223356934793417,124.0525522383854,orange
22,31,13,30.407412588556127,16.068282935148815,7.38584527501841,194.5494441093228,orange
